10 12
-0.01498906921128657 0.07870997030167837 -0.1215336687132099 0.3836269754763944 -0.3814300837753621 0.3045810598922717 0.09386731273854831 -0.3720794509836282 0.4606663174560911 0.4187899664219376 
-0.3970415372373923 -0.0771171544465396 -0.108018092446046 -0.4600828084722933 0.3882376941742727 0.1109190356088048 0.2162266962381328 0.1220780691337567 -0.2338969374391222 -0.1058296217637412
0.3215439322605207 0.18886307318589 0.2216656442933396 -0.4655220098472405 -0.02841977218950148 0.3488851206832427 -0.2877833203298816 0.225733555132275 -0.09614457152424805 0.09818323151970587
0.1655674704029854 -0.3075301459129249 0.3408361355223099 0.4329231432014361 0.1392604854323534 -0.4490263415025793 0.2142779675445314 0.3697949311414687 0.1434008876265966 0.1387133050139187
0.3545123705216798 0.2894046705117492 0.02429111304161247 0.2607327874384194 0.1359525240361248 -0.04593350183771316 -0.00436893990670234 -0.4287768909044348 -0.4532059882331695 -0.03304460089005956
-0.3806108137412098 0.07405251737130114 -0.3993450332426886 0.2080255027003823 0.2846183444230057 -0.4194914232189687 -0.3923506712469744 -0.237732490280394 0.4300338052492904 -0.4218424539285176
0.09387621199141838 -0.2225097079970964 0.2793355214217077 -0.2078975645898818 -0.1343703480757497 -0.3624429706134302 0.4209918239349423 -0.3904223333955019 0.1718417645169811 0.1445309791197358
0.1321610213556895 0.2302809778882945 0.3323896535042578 0.4728999319233931 0.02914822244006043 -0.1058295910300963 0.3220604726318833 -0.1296429095134539 0.09161690910497389 -0.1946133027734359
0.1342178970894011 -0.1998085819182998 -0.1828386501249286 0.03080486835055507 -0.2625817863853479 -0.2120856365301513 0.4767045848785942 -0.02604958929684909 0.1845489788656579 -0.2853175623205654
-0.3322716018485572 -0.4888135814003773 -0.4898626836853686 -0.1221247791518688 0.4488338375918882 -0.4496990190350442 -0.09141331547071535 -0.383596314008903 -0.1032504584670537 -0.3304585608006069
-0.01703270246929739 -0.2686341812542027 0.06531385012465885 -0.2701253791061467 0.002751564143925522 0.2455346325836467 -0.2994360013859682 0.3791231367542624 -0.07744745125756364 0.3406834074674952
-0.1339772731382188 0.2439675016738172 0.3617948096821037 -0.3146404175224159 -0.1614987497790705 -0.3094901859848669 0.3984426617607871 -0.37419081793557 -0.0250780275325086 -0.4864124557808158